TowerSimple
32.26
-5.54
0.010948467628097378
0.0
8.0
24.78
-5.61
0.010948467628097378
0.0
8.0
TrenchSimple
24.93
-11.21
0.0
0.0
8.0
32.26
-10.98
0.5187441850077164
0.0
8.0
TowerPickup
32.18
-5.43
-0.014980152767369895
0.0
8.0
22.72
-4.41
-1.0959132355361278
8.0
8.0
23.24
-1.18
-1.0959132355361278
8.0
8.0
22.01
1.63
-1.0959132355361278
0.0
8.0
TrenchPickup
32.18
-11.06
0.5035672189102463
0.0
8.0
24.82
-11.17
0.006849207963935051
8.0
8.0
14.61
-11.21
0.006849207963935051
0.0
8.0
TowerComplex
32.18
-5.39
0.0
0.0
8.0
23.02
-4.56
-0.6919213822388589
8.0
8.0
23.21
-1.67
-1.3258176636680326
8.0
8.0
22.23
1.3
-1.271020256694917
8.0
8.0
29.89
-2.05
-0.35718147812411855
0.0
8.0
TrenchComplex
32.26
-10.8
0.49348949366791545
0.0
8.0
24.93
-11.21
-0.0
8.0
8.0
14.87
-11.21
-0.0
8.0
8.0
16.67
-9.86
0.1673100573342489
0.0
8.0
BuddyAuto
34.66
-5.76
0.0
0.0
8.0
28.2
-5.73
0.0
0.0
8.0
TowerTrenchPickup
32.14
-5.54
0.003745300839835832
0.0
8.0
26.14
-11.17
0.003745300839835832
8.0
8.0
15.13
-11.21
0.003745300839835832
0.0
8.0
TowerTrenchComplex
32.11
-5.5
0.0
0.0
8.0
25.24
-11.17
0.0
8.0
8.0
15.92
-11.17
0.0
8.0
8.0
15.25
-11.21
0.20841365737046885
0.0
8.0
